0 0
1 0
2 0
3 0
4 0
5 1
6 3
7 1
8 1
9 8
10 18
11 20
12 26
13 41
14 59
15 29
16 53
17 43
18 58
19 65
20 52
21 44
22 43
23 32
24 25
25 30
26 22
27 13
28 9
29 8
30 12
31 9
32 9
33 8
34 9
35 9
36 2
37 7
38 0
39 2
40 4
41 1
42 2
43 0
44 4
45 0
46 0
47 0
48 1
49 0
50 1
51 1
52 2
53 0
54 0
55 1
56 0
57 1
58 0
59 1
60 0
61 0
62 2
63 0
64 0
65 2
66 3
67 0
68 1
69 2
70 0
71 0
72 1
73 0
74 1
75 0
76 0
77 1
78 0
79 0
80 0
81 1
82 0
83 2
84 0
85 0
86 0
87 0
88 0
89 0
90 0
91 0
92 0
93 1
94 0
95 0
96 0
97 1
98 0
99 0
100 1
101 0
102 0
103 0
104 0
105 0
106 0
107 0
108 0
109 0
110 0
111 0
112 0
113 0
114 0
115 0
116 0
117 0
118 0
119 1
120 1
121 0
122 0
123 0
124 0
125 0
126 1
127 0
128 0
129 1
130 0
131 1
132 0
133 0
134 0
135 0
136 0
137 0
138 0
139 0
140 0
141 0
142 0
143 0
144 1
145 0
146 0
147 0
148 0
149 0
150 0
151 0
152 0
153 0
154 0
155 0
156 0
157 0
158 0
159 2
160 0
161 0
162 0
163 1
164 0
165 0
166 0
167 0
168 0
169 0
170 0
171 0
172 0
173 0
174 1
175 0
176 0
177 0
178 1
179 0
180 0
181 0
182 0
183 0
184 0
185 0
186 0
187 0
188 1
189 0
190 0
191 0
192 0
193 0
194 0
195 0
196 0
197 0
198 0
199 0
