201
155
266
148
220
235
156
143
2473
176
119
293
253
371
197
116
185
198
120
220
140
146
232
196
176
222
1197
200
209
232
112
136
209
223
214
284
250
130
213
350
266
266
204
372
118
250
146
106
931
239
195
239
1267
303
122
295
770
191
171
184
158
140
136
164
227
185
215
166
130
269
1887
204
146
215
243
280
173
151
93
274
198
338
196
136
221
443
294
127
506
256
219
97
665
181
138
124
148
222
140
226
228
213
151
200
222
309
221
181
218
203
160
167
283
126
149
119
222
211
217
367
191
210
334
216
220
182
728
223
181
225
207
242
158
174
223
197
132
694
293
177
304
186
188
254
203
245
274
1590
322
131
351
268
106
248
215
90
283
246
190
162
1207
299
168
130
210
2255
200
302
88
277
187
190
273
198
155
200
225
177
314
209
165
175
118
243
200
197
141
124
150
246
321
226
663
180
190
171
252
403
133
216
186
186
122
170
250
393
164
448
193
317
230
140
173
265
148
97
343
190
185
2587
513
159
812
204
239
148
329
694
258
239
217
145
192
161
143
109
106
379
165
167
266
126
173
176
974
289
214
143
265
115
181
173
191
333
654
203
201
344
348
261
243
124
185
194
221
204
176
198
131
393
206
147
184
184
424
196
99
231
244
177
162
174
401
187
273
181
125
237
162
166
112
114
215
140
223
247
327
125
215
147
196
306
147
667
291
337
221
234
238
131
167
231
166
177
118
256
172
248
160
232
222
168
166
127
252
314
209
150
100
147
159
575
163
165
205
175
166
141
140
229
275
243
206
210
152
174
168
353
181
236
147
205
181
140
146
127
1009
211
195
267
190
174
266
96
236
197
147
104
180
159
196
181
183
242
108
359
168
175
2241
552
200
171
138
268
141
192
257
194
301
192
229
239
287
204
293
194
211
247
210
203
188
318
178
161
268
141
241
149
206
335
190
262
1630
371
181
219
144
256
226
141
169
234
178
198
266
168
148
221
650
211
157
128
204
148
206
335
185
193
204
204
186
172
179
157
182
176
142
348
189
204
256
113
237
170
194
167
232
211
222
365
259
103
225
311
158
246
257
271
232
186
191
167
275
400
138
591
61
199
251
160
233
321
171
216
131
147
268
173
133
178
118
147
147
345
322
374
226
238
52
229
114
184
202
168
153
137
181
243
162
216
224
320
331
208
165
126
113
195
449
134
219
162
177
172
105
125
202
2262
224
145
228
169
127
163
186
306
257
209
235
193
186
149
131
1747
351
415
162
192
165
136
485
428
182
182
213
342
224
300
279
247
377
183
186
273
97
193
627
180
138
251
621
142
187
137
329
195
151
168
170
837
257
101
192
178
254
260
185
210
342
164
275
267
219
316
250
195
199
144
221
100
199
146
147
190
137
239
146
120
111
196
138
116
252
305
204
135
202
156
185
680
194
166
208
171
242
106
310
251
747
160
147
100
280
307
64
2000
95
133
208
102
196
157
288
152
836
255
190
181
146
211
143
183
147
141
180
160
171
206
238
525
225
252
317
141
241
202
214
165
1442
169
227
184
272
260
149
128
124
194
521
196
182
196
223
197
183
139
307
239
171
197
201
220
213
151
231
131
196
213
294
151
145
163
79
210
1314
375
153
132
110
139
160
332
196
148
226
178
105
63
240
215
235
359
258
342
130
354
109
141
135
150
134
234
234
257
358
226
1599
243
405
120
225
164
134
132
138
184
227
177
205
210
169
195
194
258
127
134
133
160
189
195
253
1294
274
143
119
190
327
129
195
138
241
145
153
175
189
236
148
201
150
263
219
312
205
302
280
182
128
161
188
215
183
125
191
1782
195
200
263
354
189
185
118
264
252
166
101
214
131
245
203
155
205
112
216
346
206
217
120
106
200
153
447
168
246
139
192
212
202
266
121
165
266
169
159
269
173
221
154
155
704
343
195
186
154
166
1247
271
253
867
178
474
214
195
275
127
218
267
119
126
169
194
184
520
99
186
239
102
244
3774
195
406
126
